friction_buffers:
  FX:
    friction_buffer: 0.7889130820614366
    median_commission: 0.7885188226501116
    min_expected_return: 0.7889130820614366
  US_EQUITY:
    friction_buffer: 1.414298901677343
    median_commission: 1.4135921056245309
    min_expected_return: 1.414298901677343
time_series:
  CL=F:
    confidence_threshold: 0.5
    evidence:
      annualized_pnl: 166183.71717132427
      profit_factor: 38.66434483374648
      total_trades: 29
      win_rate: 0.8620689655172413
    min_expected_return: 0.001
  MSFT:
    confidence_threshold: 0.5
    evidence:
      annualized_pnl: 3925.0838867826724
      profit_factor: 8.288389120368825
      total_trades: 26
      win_rate: 0.5384615384615384
    min_expected_return: 0.001
  MTN:
    confidence_threshold: 0.5
    evidence:
      annualized_pnl: 180874.16211608384
      profit_factor: 14.803135372073532
      total_trades: 17
      win_rate: 0.8235294117647058
    min_expected_return: 0.001
